2045
1.2825	1.84E+03
1.3501	5.72E+03
1.3917	4.54E+03
1.3919	2.49E+03
1.4249	1.00E+04
1.4253	5.54E+03
1.4608	1.75E+04
1.4612	2.16E+03
1.4801	1.16E+03
1.4834	4.16E+03
1.4946	3.85E+04
1.4953	4.86E+03
1.5024	3.01E+04
1.5035	1.68E+04
1.5128	1.23E+03
1.5155	1.91E+03
1.5160	8.42E+03
1.5164	1.25E+03
1.5168	1.42E+03
1.5303	6.44E+03
1.5358	3.22E+03
1.5732	1.18E+05
1.5750	1.69E+04
1.5835	1.91E+03
1.5885	3.93E+04
1.5889	1.57E+03
1.5895	1.21E+03
1.5910	1.09E+03
1.5911	2.61E+03
1.5913	1.99E+04
1.5923	5.87E+03
1.5929	1.57E+03
1.5932	3.66E+03
1.5937	1.10E+03
1.5938	1.16E+03
1.5958	1.42E+03
1.5966	7.96E+03
1.5970	4.37E+03
1.5978	1.55E+03
1.5983	3.38E+03
1.5996	1.15E+03
1.5996	1.46E+03
1.6009	5.12E+03
1.6036	7.80E+03
1.6068	1.29E+03
1.7772	1.09E+03
1.7780	1.79E+05
1.7782	1.47E+03
1.7788	1.32E+03
1.7795	2.13E+03
1.7795	4.10E+03
1.7833	5.92E+03
1.7834	9.97E+04
1.7872	6.19E+03
1.7873	3.92E+03
1.7881	1.20E+03
1.7888	2.87E+03
1.7920	1.21E+04
1.7926	4.62E+03
1.7973	1.64E+03
1.8504	7.74E+05
1.8506	1.83E+03
1.8507	5.94E+03
1.8507	1.42E+03
1.8507	3.77E+03
1.8508	1.66E+03
1.8510	1.12E+03
1.8510	1.44E+03
1.8510	2.68E+03
1.8510	1.29E+03
1.8511	3.32E+03
1.8511	2.03E+03
1.8511	5.50E+03
1.8513	2.98E+03
1.8513	7.15E+03
1.8514	2.01E+03
1.8514	6.15E+03
1.8515	2.60E+03
1.8516	5.55E+03
1.8518	1.25E+03
1.8519	1.76E+04
1.8522	1.50E+03
1.8523	3.82E+03
1.8525	8.31E+03
1.8527	1.86E+04
1.8534	2.34E+04
1.8554	1.14E+05
1.8563	2.95E+03
1.8567	2.88E+03
1.8569	8.96E+03
1.8570	1.82E+04
1.8570	1.22E+04
1.8588	6.80E+03
1.8594	1.79E+03
1.8595	1.40E+05
1.8602	1.75E+03
1.8603	1.26E+03
1.8604	1.21E+03
1.8607	1.62E+03
1.8609	2.59E+03
1.8611	6.83E+04
1.8618	1.50E+03
1.8619	1.50E+03
1.8622	2.20E+04
1.8632	2.84E+03
1.8633	5.96E+04
1.8635	1.96E+04
1.8635	1.37E+04
1.8660	8.86E+04
1.8674	1.49E+03
1.8678	6.90E+03
1.8682	1.51E+05
1.8683	2.07E+03
1.8687	2.07E+03
1.8703	1.38E+04
1.8705	8.29E+03
1.8719	3.81E+03
1.8728	1.64E+04
1.8730	1.81E+03
1.8735	3.35E+03
1.8736	8.83E+03
1.8738	9.01E+03
1.8747	4.15E+03
1.8752	1.06E+03
1.8757	1.31E+04
1.8781	3.51E+03
1.8794	1.41E+03
1.8823	1.09E+03
1.8824	1.25E+03
1.8824	1.88E+03
1.8824	3.39E+03
1.8851	5.00E+03
1.8924	3.02E+03
1.8970	3.10E+03
2.4172	1.86E+03
2.5138	1.39E+03
2.5490	5.60E+03
2.5501	2.80E+03
2.5714	3.15E+03
2.7054	1.06E+04
2.7485	1.52E+03
2.9873	1.23E+03
3.0185	3.66E+04
3.0239	1.83E+04
3.0497	1.86E+03
3.1502	3.71E+03
3.1514	1.86E+03
3.1773	7.06E+04
3.1798	1.89E+03
3.1820	1.61E+03
3.1829	2.69E+03
3.1891	8.57E+03
3.1905	1.11E+03
3.1928	9.65E+03
3.1961	2.78E+03
3.1997	2.50E+03
3.2033	1.47E+03
3.2066	5.09E+03
3.2100	6.85E+03
3.2111	1.89E+04
3.3467	2.22E+03
3.3521	1.11E+03
3.3670	7.52E+03
3.5320	4.12E+03
3.5708	1.12E+03
3.6958	6.70E+03
3.6960	3.34E+03
3.7310	2.48E+04
3.7370	1.33E+04
3.7739	1.39E+03
3.7843	1.51E+04
3.7848	7.53E+03
3.7897	1.42E+03
3.9493	5.01E+04
3.9529	1.35E+03
3.9567	1.21E+03
3.9577	1.87E+03
3.9653	4.72E+03
3.9691	6.63E+03
3.9811	1.41E+03
3.9900	2.74E+03
3.9908	4.59E+04
3.9920	2.29E+04
3.9940	1.49E+04
3.9941	3.71E+03
3.9978	7.99E+03
4.0885	1.81E+04
4.1061	1.45E+03
4.1854	6.65E+03
4.1908	3.32E+03
4.1919	1.40E+03
4.2992	6.26E+04
4.3047	1.36E+03
4.3874	2.76E+03
4.3880	4.12E+03
4.4443	9.79E+03
4.4679	1.32E+03
4.4972	3.32E+03
4.7218	2.24E+03
4.7253	2.04E+03
4.7273	1.32E+03
4.7274	3.18E+05
4.7326	1.57E+03
4.7328	1.59E+05
4.7401	1.15E+03
4.7624	3.61E+03
4.7704	1.84E+03
4.7728	1.14E+03
4.7759	1.38E+03
4.7877	1.13E+04
4.8310	1.57E+04
4.8312	7.82E+03
4.9468	3.50E+04
4.9472	1.75E+04
5.0377	1.38E+03
5.0387	4.11E+05
5.0399	1.12E+03
5.0405	1.24E+03
5.0409	1.97E+03
5.0415	1.58E+03
5.0416	2.16E+03
5.0418	1.84E+03
5.0427	5.84E+03
5.0430	1.23E+03
5.0438	3.39E+03
5.0440	4.44E+03
5.0441	9.67E+03
5.0469	1.94E+03
5.0485	2.41E+03
5.0486	7.98E+03
5.0497	1.22E+04
5.0618	1.24E+03
5.0619	2.55E+03
5.0631	2.70E+04
5.0658	1.60E+03
5.0662	1.51E+03
5.0665	5.26E+04
5.0666	2.10E+03
5.0855	7.28E+03
5.0875	2.82E+03
5.0875	2.01E+03
5.0918	3.04E+03
5.0983	1.35E+04
5.1015	1.44E+05
5.1025	1.91E+04
5.1297	1.34E+03
5.2168	1.08E+05
5.2180	5.39E+04
5.2856	1.31E+04
5.3814	5.21E+03
5.3868	2.60E+03
5.4046	2.97E+04
5.5647	1.88E+03
5.6807	9.35E+04
5.7391	2.34E+03
5.7396	1.17E+03
5.7602	5.85E+03
5.8156	2.49E+03
5.8162	5.05E+03
5.8358	2.03E+03
6.0525	7.07E+03
6.0537	3.54E+03
6.1065	1.42E+03
6.1713	1.11E+03
6.1721	4.96E+03
6.1756	3.09E+03
6.1791	2.22E+03
6.1804	7.68E+05
6.1856	2.34E+03
6.1858	3.84E+05
6.1864	1.67E+03
6.1870	2.15E+03
6.1896	1.78E+03
6.1993	2.73E+03
6.2003	1.72E+03
6.2019	1.31E+03
6.2024	1.14E+03
6.2317	5.80E+03
6.2461	2.42E+03
6.2508	1.67E+03
6.2700	1.85E+04
6.3139	1.52E+03
6.3452	1.43E+03
6.5800	1.27E+04
6.5802	6.35E+03
6.6348	4.78E+03
6.6457	1.64E+03
6.6480	6.48E+05
6.6499	2.83E+03
6.6505	4.63E+03
6.6545	7.59E+03
6.6545	3.59E+03
6.6548	1.23E+03
6.6550	5.25E+03
6.6559	1.19E+04
6.6605	2.40E+03
6.6612	3.98E+03
6.6630	2.45E+03
6.6632	8.78E+03
6.6644	1.35E+04
6.6775	1.42E+03
6.6809	1.10E+03
6.6820	2.49E+03
6.6851	2.12E+04
6.6883	7.84E+04
6.6891	1.60E+03
6.6897	1.44E+03
6.6898	1.52E+03
6.6956	1.35E+03
6.7180	6.64E+03
6.7191	1.80E+03
6.7200	2.64E+03
6.7210	2.19E+03
6.7282	2.11E+03
6.7378	2.83E+04
6.7382	1.42E+04
6.7388	1.10E+04
6.7404	2.36E+05
6.7432	1.64E+04
6.7843	1.26E+03
6.8111	4.15E+03
6.8208	2.22E+03
7.0063	2.12E+03
7.0536	4.40E+03
7.0910	3.73E+03
7.1058	8.53E+04
7.1069	4.27E+04
7.1376	1.85E+03
7.1646	1.29E+04
7.1690	2.66E+04
7.1709	4.93E+04
7.1763	2.46E+04
7.3103	5.83E+03
7.3700	1.14E+04
7.3891	2.65E+03
7.4380	2.07E+04
7.4406	2.27E+03
7.4601	8.82E+03
7.4703	4.48E+03
7.4720	2.24E+04
7.4720	3.17E+03
7.4731	1.31E+04
7.4833	1.47E+03
7.5456	2.08E+03
7.6709	1.24E+03
7.6800	2.46E+03
7.7330	4.06E+03
7.7573	3.24E+04
7.8070	3.70E+03
7.8505	4.07E+04
7.8675	6.78E+03
7.8697	4.62E+03
7.8721	1.21E+04
7.8774	1.70E+03
7.8830	2.19E+04
7.8895	1.43E+03
7.9340	1.25E+04
7.9840	7.74E+04
7.9930	3.92E+04
8.0697	1.11E+03
8.0904	2.77E+04
8.1360	1.55E+03
8.1610	2.14E+03
8.1686	5.25E+03
8.1690	4.80E+03
8.1811	1.32E+03
8.2326	3.90E+04
8.2857	1.29E+04
8.3029	8.28E+04
8.3150	1.15E+04
8.3164	6.98E+04
8.3208	7.58E+03
8.3230	6.46E+03
8.3607	1.13E+03
8.3751	3.08E+04
8.3830	5.41E+03
8.4062	2.81E+03
8.4086	1.25E+03
8.4176	4.45E+03
8.4192	5.80E+05
8.4246	2.90E+05
8.4317	1.14E+03
8.4326	1.38E+03
8.4446	1.08E+03
8.4487	1.78E+03
8.4591	2.76E+03
8.4603	1.38E+03
8.4687	2.41E+03
8.5003	2.42E+03
8.5208	2.23E+03
8.5271	1.39E+03
8.5500	8.00E+03
8.5515	3.03E+03
8.5605	7.75E+03
8.5730	5.15E+04
8.6083	4.56E+03
8.6140	1.34E+04
8.6183	2.58E+03
8.6241	1.27E+03
8.6276	7.46E+03
8.6430	3.14E+03
8.6720	2.09E+03
8.6926	2.48E+03
8.7150	2.35E+04
8.7150	1.36E+04
8.7352	2.97E+03
8.7380	1.58E+03
8.7433	7.66E+03
8.7530	2.68E+03
8.8140	8.80E+04
8.8346	1.89E+03
8.8400	1.67E+03
8.8552	3.66E+03
8.9060	3.44E+04
8.9600	2.52E+03
8.9773	8.29E+04
8.9930	1.23E+03
8.9930	1.96E+03
9.0110	4.19E+03
9.0230	1.39E+03
9.0460	3.20E+03
9.0613	2.43E+04
9.0650	4.47E+03
9.0650	1.19E+04
9.0689	8.62E+03
9.0689	1.71E+04
9.0737	1.60E+04
9.0750	1.33E+04
9.0779	1.32E+03
9.0853	3.69E+03
9.0898	1.64E+03
9.1050	1.31E+04
9.1100	1.24E+04
9.1100	2.92E+03
9.1157	1.47E+03
9.1399	1.81E+03
9.1404	1.30E+03
9.1545	1.34E+03
9.1630	5.17E+03
9.1688	2.73E+05
9.1689	2.96E+03
9.1802	2.19E+03
9.1817	3.34E+03
9.1871	2.33E+03
9.1895	1.25E+03
9.1912	3.06E+04
9.1935	2.11E+03
9.1946	3.26E+03
9.1957	1.53E+03
9.2111	1.30E+03
9.2150	3.00E+03
9.2160	1.22E+03
9.2160	1.56E+03
9.2200	3.49E+03
9.2282	3.49E+03
9.2312	3.14E+04
9.2410	2.17E+04
9.2605	3.94E+03
9.2808	1.20E+03
9.2809	5.11E+03
9.2840	1.38E+03
9.3144	1.01E+05
9.3161	2.06E+03
9.3206	3.25E+03
9.3235	1.08E+03
9.3246	1.55E+03
9.3300	1.99E+04
9.3550	1.14E+04
9.3616	6.37E+03
9.3617	3.18E+03
9.3620	1.27E+04
9.3770	3.58E+03
9.3850	2.52E+03
9.3850	4.68E+03
9.3898	1.60E+04
9.3920	1.58E+04
9.4150	1.85E+03
9.4170	3.15E+03
9.4550	6.28E+03
9.4751	1.52E+05
9.4807	1.30E+04
9.4809	6.49E+03
9.4931	1.46E+03
9.4955	1.10E+03
9.4965	6.71E+03
9.5238	1.12E+03
9.5353	2.82E+04
9.5419	2.26E+04
9.5480	1.14E+04
9.5490	3.09E+03
9.5580	7.43E+03
9.5588	3.95E+03
9.5588	4.16E+03
9.5610	1.54E+03
9.5667	1.50E+03
9.5668	6.87E+03
9.5817	2.87E+03
9.5870	8.39E+03
9.6068	2.44E+03
9.6275	1.58E+03
9.6388	2.89E+03
9.6473	1.93E+03
9.6900	5.78E+03
9.6900	5.92E+03
9.6905	1.92E+04
9.6910	1.39E+04
9.6910	7.06E+03
9.6962	8.83E+03
9.7054	1.16E+03
9.7080	2.80E+04
9.7085	1.40E+04
9.7260	1.08E+04
9.7280	1.45E+03
9.7321	1.46E+04
9.7380	5.13E+03
9.7549	3.23E+03
9.7550	2.57E+03
9.7576	3.57E+03
9.7953	1.11E+03
9.8025	3.52E+03
9.8046	1.14E+03
9.8060	3.70E+04
9.8128	1.21E+03
9.8211	7.74E+03
9.8333	1.19E+03
9.8423	1.27E+03
9.8480	3.83E+04
9.8509	3.68E+03
9.8522	2.18E+03
9.8653	1.35E+03
9.8685	3.00E+03
9.8884	1.80E+03
9.9201	2.52E+03
9.9209	1.13E+03
9.9256	1.20E+03
9.9336	1.11E+03
9.9378	4.33E+03
9.9507	3.76E+03
9.9670	3.64E+04
9.9728	3.93E+04
9.9730	2.56E+04
9.9771	1.80E+04
9.9777	3.05E+03
9.9980	1.92E+03
9.9980	1.59E+03
10.0015	4.51E+03
10.0115	1.49E+03
10.0232	1.89E+04
10.0235	5.47E+03
10.0286	9.45E+03
10.0372	1.41E+03
10.0548	1.89E+03
10.0748	1.55E+03
10.0755	1.20E+03
10.0860	1.19E+03
10.1066	1.09E+03
10.1102	1.90E+04
10.1132	2.36E+03
10.1138	4.30E+03
10.1227	3.14E+03
10.1259	2.80E+03
10.1275	7.44E+03
10.1373	7.35E+03
10.1514	1.36E+03
10.1559	1.34E+03
10.1637	1.13E+03
10.1683	5.81E+03
10.1737	2.03E+03
10.1764	1.08E+03
10.2026	1.32E+03
10.2116	2.21E+03
10.2202	1.13E+03
10.2385	8.20E+04
10.2397	4.09E+04
10.2636	8.47E+03
10.2792	1.83E+03
10.2881	1.96E+04
10.3031	1.46E+03
10.3437	1.50E+03
10.3505	1.76E+04
10.3530	1.54E+04
10.3545	1.08E+04
10.3690	1.27E+03
10.3766	2.44E+03
10.4338	3.24E+04
10.4413	2.72E+03
10.4550	3.02E+03
10.4571	5.42E+03
10.4666	4.61E+03
10.4681	1.77E+03
10.4822	1.42E+03
10.4853	1.86E+03
10.4884	1.66E+03
10.4888	1.10E+03
10.4902	1.10E+03
10.4985	1.10E+03
10.4989	1.30E+03
10.5055	2.72E+03
10.5229	3.87E+04
10.5261	1.92E+04
10.5306	1.64E+03
10.5333	5.56E+03
10.5437	1.90E+03
10.5506	3.71E+03
10.5525	4.10E+03
10.5654	2.19E+03
10.5800	2.18E+03
10.5859	3.75E+03
10.6190	4.91E+05
10.6320	7.51E+03
10.6323	2.01E+04
10.6410	4.63E+04
10.6410	2.86E+03
10.6436	1.70E+03
10.6550	4.24E+04
10.6575	1.59E+03
10.6630	2.55E+05
10.6645	1.25E+03
10.6692	1.31E+03
10.6736	2.50E+03
10.6754	1.70E+03
10.6840	2.08E+04
10.6976	1.17E+03
10.6981	1.66E+03
10.7016	4.09E+03
10.7130	1.16E+04
10.7241	8.26E+03
10.7344	1.48E+03
10.7433	1.51E+03
10.7436	1.24E+03
10.7452	2.73E+03
10.7522	2.00E+03
10.7600	7.23E+03
10.7600	2.42E+03
10.7643	3.17E+03
10.7844	1.72E+03
10.7959	2.13E+03
10.8050	2.45E+03
10.8050	5.84E+03
10.8130	1.12E+04
10.8160	7.53E+04
10.8189	4.25E+03
10.8243	2.45E+03
10.8267	6.32E+03
10.8269	1.09E+03
10.8270	1.94E+03
10.8271	6.75E+03
10.8314	1.48E+03
10.8406	1.07E+03
10.8475	1.56E+03
10.8844	2.27E+03
10.8943	1.23E+03
10.8968	2.53E+03
10.8971	1.94E+03
10.9028	3.00E+03
10.9038	3.46E+03
10.9161	5.42E+03
10.9223	2.39E+03
10.9256	2.46E+03
10.9270	9.09E+03
10.9330	2.05E+03
10.9330	8.32E+03
10.9351	6.48E+03
10.9468	1.19E+03
10.9555	1.81E+03
10.9735	6.72E+03
10.9800	3.49E+05
10.9810	1.59E+03
10.9810	1.67E+03
10.9826	1.93E+03
10.9839	2.17E+03
10.9867	2.10E+04
10.9946	3.04E+03
10.9984	1.46E+03
11.0004	6.38E+03
11.0019	2.00E+03
11.0027	5.45E+03
11.0065	1.83E+04
11.0180	2.23E+05
11.0208	2.93E+03
11.0249	1.65E+03
11.0272	3.43E+03
11.0290	3.15E+05
11.0299	4.17E+03
11.0302	3.21E+03
11.0316	6.19E+03
11.0320	2.62E+03
11.0332	1.08E+04
11.0337	1.07E+03
11.0474	1.98E+03
11.0611	1.10E+03
11.0666	2.16E+03
11.0812	4.07E+03
11.1021	1.56E+03
11.1264	6.43E+03
11.1288	3.00E+03
11.1380	1.14E+03
11.1380	1.77E+03
11.1381	8.72E+03
11.1580	1.74E+03
11.1614	1.21E+04
11.1619	5.39E+03
11.1662	6.16E+03
11.1698	4.13E+03
11.1710	5.60E+05
11.1839	2.00E+03
11.1879	6.13E+04
11.1915	2.14E+03
11.2111	2.91E+03
11.2171	2.76E+03
11.2260	1.32E+03
11.2260	2.35E+03
11.2267	4.59E+03
11.2269	1.47E+03
11.2305	8.77E+03
11.2399	1.12E+04
11.2410	3.75E+03
11.2423	1.42E+03
11.2443	4.50E+03
11.2457	1.76E+03
11.2470	1.31E+03
11.2484	2.53E+03
11.2500	1.39E+03
11.2530	1.15E+03
11.2614	1.30E+05
11.2661	1.13E+03
11.2714	4.13E+03
11.2801	1.24E+03
11.2820	1.33E+03
11.2920	9.86E+03
11.2991	2.61E+04
11.3020	2.14E+04
11.3074	2.63E+03
11.3093	2.58E+03
11.3106	2.55E+04
11.3118	2.10E+03
11.3173	1.61E+03
11.3186	3.86E+04
11.3261	3.91E+04
11.3261	4.00E+03
11.3261	4.51E+04
11.3354	1.06E+03
11.3360	4.95E+03
11.3368	4.81E+04
11.3388	1.89E+04
11.3549	5.38E+03
11.3627	1.07E+03
11.3714	2.08E+03
11.3749	6.90E+03
11.3782	1.13E+04
11.3820	1.36E+03
11.3861	5.66E+03
11.4000	1.26E+04
11.4042	2.16E+03
11.4161	1.31E+04
11.4182	1.20E+03
11.4200	7.19E+04
11.4216	1.54E+03
11.4225	1.50E+03
11.4238	5.91E+03
11.4270	1.17E+05
11.4271	2.81E+05
11.4284	1.72E+03
11.4420	5.86E+03
11.4420	1.10E+04
11.4423	8.46E+04
11.4425	2.07E+03
11.4427	3.49E+03
11.4462	1.51E+03
11.4464	1.46E+03
11.4510	1.18E+03
11.4512	4.02E+03
11.4571	1.55E+04
11.4592	9.36E+03
11.4592	1.23E+03
11.4683	3.49E+03
11.4735	7.27E+03
11.4789	3.95E+03
11.4799	3.97E+03
11.4803	1.34E+03
11.4852	8.23E+03
11.4900	1.68E+04
11.4909	6.57E+04
11.4930	1.91E+03
11.4930	2.86E+03
11.5001	4.01E+04
11.5056	2.97E+03
11.5079	1.61E+03
11.5101	3.43E+03
11.5158	5.72E+03
11.5190	5.27E+03
11.5226	7.31E+03
11.5250	3.65E+04
11.5250	6.78E+04
11.5300	2.11E+04
11.5369	1.05E+04
11.5390	1.34E+04
11.5394	1.60E+04
11.5442	1.42E+04
11.5448	2.05E+03
11.5459	2.62E+03
11.5467	1.77E+04
11.5491	3.63E+03
11.5511	5.23E+03
11.5550	3.33E+03
11.5588	4.18E+03
11.5622	1.80E+03
11.5634	3.51E+03
11.5655	2.03E+03
11.5673	1.31E+03
11.5715	2.05E+03
11.5746	2.76E+03
11.5797	1.72E+03
11.5800	1.27E+03
11.5825	2.18E+04
11.5836	1.27E+03
11.5850	2.15E+03
11.5945	1.35E+04
11.5991	2.20E+03
11.6036	1.87E+03
11.6039	1.12E+03
11.6054	1.24E+03
11.6077	2.53E+03
11.6111	1.25E+03
11.6140	3.90E+03
11.6211	1.60E+03
11.6214	3.70E+03
11.6220	1.32E+03
11.6331	2.58E+03
11.6400	1.11E+04
11.6483	1.16E+03
11.6491	1.69E+03
11.6492	6.11E+03
11.6586	1.48E+03
11.6587	1.64E+04
11.6629	2.92E+03
11.6640	2.22E+03
11.6707	1.29E+03
11.6753	5.81E+03
11.6920	1.10E+04
11.6999	1.81E+03
11.7040	1.44E+04
11.7070	1.39E+03
11.7147	1.69E+03
11.7178	1.73E+04
11.7193	3.08E+03
11.7244	3.84E+03
11.7293	1.26E+03
11.7324	1.88E+03
11.7342	2.88E+03
11.7350	1.20E+04
11.7370	7.06E+05
11.7371	3.72E+03
11.7382	5.26E+03
11.7390	1.43E+04
11.7412	2.65E+03
11.7434	3.07E+03
11.7440	1.24E+03
11.7469	1.22E+04
11.7480	2.36E+04
11.7487	3.67E+03
11.7557	1.38E+03
11.7593	1.09E+03
11.7623	4.40E+03
11.7631	1.60E+03
11.7633	2.68E+03
11.7695	5.98E+05
11.7776	1.63E+03
11.7793	3.53E+03
11.7796	1.84E+03
11.7845	1.85E+03
11.7873	1.67E+03
11.7890	1.57E+04
11.7890	2.09E+04
11.7970	1.19E+04
11.8031	4.56E+04
11.8163	1.78E+03
11.8170	1.44E+03
11.8224	1.56E+04
11.8242	4.95E+03
11.8320	5.82E+04
11.8353	1.66E+03
11.8411	2.49E+03
11.8414	3.33E+04
11.8443	1.89E+03
11.8464	2.99E+04
11.8465	6.93E+03
11.8481	1.82E+03
11.8535	2.33E+03
11.8650	4.41E+03
11.8721	2.47E+04
11.8723	1.51E+03
11.8724	4.24E+03
11.8740	1.34E+04
11.8750	3.69E+03
11.8775	2.45E+03
11.8810	3.73E+04
11.8826	5.74E+03
11.8977	7.10E+03
11.8977	7.00E+03
11.8980	2.85E+03
11.9038	4.56E+03
11.9194	1.37E+03
11.9199	2.22E+03
11.9210	1.03E+05
11.9251	2.47E+03
11.9332	1.68E+03
11.9356	1.13E+05
11.9378	2.36E+04
11.9508	1.79E+04
11.9564	3.10E+03
11.9581	1.64E+03
11.9610	2.21E+04
11.9644	1.64E+03
11.9708	2.33E+03
11.9750	8.71E+04
11.9770	2.24E+04
11.9770	7.14E+03
11.9781	3.81E+03
11.9803	1.75E+03
11.9829	1.15E+04
11.9908	6.36E+03
11.9910	4.12E+03
11.9963	2.60E+03
11.9966	2.95E+03
12.0029	1.51E+03
12.0060	1.69E+03
12.0167	1.44E+03
12.0221	2.44E+03
12.0222	1.23E+03
12.0246	2.46E+03
12.0270	4.82E+03
12.0271	1.26E+04
12.0298	3.39E+03
12.0407	5.99E+03
12.0426	3.52E+03
12.0440	4.29E+04
12.0468	4.98E+03
12.0530	6.18E+03
12.0544	7.74E+03
12.0673	1.44E+03
12.0689	1.32E+03
12.0766	2.54E+03
12.0770	8.28E+03
12.0787	2.05E+04
12.0790	3.25E+03
12.0805	1.93E+03
12.0901	1.06E+03
12.0908	4.19E+03
12.0974	2.62E+03
12.1028	3.35E+04
12.1031	6.81E+03
12.1075	1.94E+03
12.1113	1.33E+03
12.1120	2.12E+04
12.1242	3.35E+03
12.1300	1.07E+04
12.1321	4.91E+05
12.1362	3.38E+04
12.1375	2.46E+05
12.1457	3.27E+03
12.1551	2.33E+03
12.1570	4.72E+03
12.1575	1.63E+03
12.1586	4.74E+03
12.1589	4.12E+03
12.1612	3.62E+05
12.1782	1.53E+03
12.1810	1.57E+03
12.1859	6.43E+03
12.2009	7.36E+04
12.2040	2.95E+04
12.2085	2.14E+03
12.2150	3.90E+03
12.2172	1.16E+03
12.2202	2.10E+03
12.2221	1.76E+04
12.2234	3.64E+04
12.2256	1.09E+03
12.2287	1.07E+04
12.2349	1.20E+04
12.2350	2.00E+03
12.2399	1.34E+03
12.2421	5.37E+03
12.2576	5.49E+03
12.2603	1.92E+03
12.2640	2.97E+03
12.2648	1.83E+03
12.2673	3.33E+03
12.2688	1.78E+03
12.2690	5.71E+03
12.2771	1.49E+03
12.2772	1.25E+04
12.2801	1.08E+03
12.2810	1.28E+03
12.2823	1.04E+06
12.2842	1.33E+03
12.2982	5.58E+03
12.3006	2.41E+03
12.3060	1.25E+03
12.3086	2.11E+03
12.3098	2.43E+03
12.3177	1.92E+03
12.3187	3.11E+03
12.3225	3.22E+03
12.3232	1.62E+03
12.3250	2.15E+04
12.3270	3.27E+03
12.3270	1.18E+04
12.3284	1.84E+03
12.3320	1.34E+03
12.3338	1.47E+03
12.3410	2.06E+03
12.3470	1.10E+03
12.3475	8.11E+03
12.3515	5.20E+03
12.3561	7.02E+03
12.3628	2.66E+03
12.3665	1.69E+03
12.3668	1.95E+03
12.3689	1.35E+04
12.3701	4.86E+03
12.3703	2.17E+03
12.3746	2.85E+03
12.3766	1.02E+04
12.3770	2.13E+03
12.3800	6.92E+03
12.3816	5.04E+03
12.3868	5.31E+03
12.3872	2.44E+03
12.3936	1.11E+03
12.3939	2.92E+03
12.3948	1.78E+05
12.3967	8.18E+03
12.4010	3.04E+04
12.4024	1.71E+03
12.4030	8.57E+03
12.4051	1.72E+03
12.4080	1.52E+03
12.4084	6.66E+03
12.4085	1.11E+03
12.4106	1.12E+04
12.4136	1.50E+04
12.4157	1.58E+03
12.4178	2.40E+03
12.4197	3.62E+03
12.4202	2.19E+03
12.4220	5.65E+04
12.4263	4.41E+04
12.4263	3.87E+04
12.4268	2.05E+03
12.4289	1.47E+03
12.4319	2.09E+03
12.4324	5.46E+03
12.4351	1.50E+05
12.4372	4.22E+03
12.4374	1.79E+04
12.4378	3.55E+03
12.4430	1.49E+03
12.4443	2.50E+03
12.4456	1.25E+03
12.4461	2.26E+03
12.4516	7.32E+03
12.4522	1.41E+03
12.4557	2.93E+03
12.4559	3.14E+03
12.4565	1.46E+03
12.4574	1.27E+03
12.4600	1.48E+04
12.4620	2.18E+04
12.4620	1.17E+04
12.4683	3.83E+03
12.4740	2.31E+03
12.4751	1.37E+04
12.4789	1.33E+04
12.4895	4.28E+03
12.4895	7.76E+03
12.4896	4.82E+03
12.4931	3.38E+03
12.4932	4.04E+03
12.4990	7.96E+04
12.4995	3.79E+03
12.5011	1.60E+04
12.5073	4.49E+04
12.5079	1.27E+03
12.5127	3.08E+03
12.5147	8.66E+03
12.5157	2.26E+03
12.5166	1.70E+03
12.5194	2.07E+03
12.5234	1.75E+03
12.5272	1.57E+03
12.5329	1.12E+04
12.5447	4.48E+03
12.5650	1.89E+03
12.5660	1.86E+04
12.5679	3.59E+04
12.5749	1.83E+03
12.5810	5.48E+04
12.5810	4.17E+04
12.5941	6.02E+03
12.5948	5.84E+03
12.5959	2.21E+03
12.5991	9.56E+03
12.6000	3.38E+03
12.6000	1.76E+04
12.6093	2.15E+03
12.6095	4.76E+03
12.6151	1.71E+04
12.6181	5.60E+03
12.6230	7.95E+03
12.6231	6.28E+03
12.6349	4.31E+03
12.6360	1.26E+03
12.6406	5.85E+03
12.6409	1.24E+03
12.6458	3.71E+03
12.6490	3.70E+04
12.6491	7.85E+03
12.6530	9.16E+03
12.6560	5.35E+04
12.6609	4.47E+03
12.6617	2.48E+03
12.6627	1.33E+03
12.6647	3.33E+03
12.6655	1.17E+03
12.6700	3.43E+03
12.6718	4.39E+03
12.6783	1.04E+04
12.6826	1.14E+03
12.6889	1.63E+03
12.6912	6.23E+03
12.7010	3.32E+03
12.7035	2.52E+03
12.7043	1.12E+03
12.7071	1.57E+03
12.7246	2.73E+03
12.7249	2.97E+03
12.7299	1.20E+03
12.7306	1.41E+03
12.7344	1.49E+03
12.7388	3.27E+03
12.7411	1.46E+03
12.7434	3.29E+03
12.7452	2.25E+03
12.7495	2.80E+03
12.7526	3.44E+03
12.7537	3.18E+03
12.7567	1.83E+05
12.7618	1.39E+03
12.7646	5.21E+03
12.7665	3.48E+03
12.7692	1.81E+03
12.7721	1.82E+04
12.7724	1.45E+03
12.7735	1.55E+04
12.7742	1.94E+03
12.7746	1.59E+04
12.7913	1.36E+03
12.7965	1.27E+03
12.7993	1.67E+03
12.8004	1.77E+03
12.8007	1.13E+03
12.8009	5.79E+03
12.8043	8.80E+03
12.8062	1.22E+03
12.8098	4.50E+03
12.8120	1.65E+05
12.8120	5.12E+03
12.8120	1.10E+03
12.8138	1.73E+03
12.8159	1.79E+03
12.8175	1.11E+03
12.8181	1.15E+04
12.8183	3.63E+03
12.8220	1.26E+05
12.8231	1.95E+04
12.8237	1.12E+03
12.8242	1.91E+04
12.8253	2.95E+03
12.8270	3.85E+05
12.8338	3.02E+03
12.8403	1.09E+04
12.8454	3.48E+05
12.8463	9.76E+03
12.8500	1.78E+03
12.8537	1.45E+03
12.8553	1.43E+04
12.8569	6.73E+03
12.8646	2.05E+03
12.8663	5.94E+03
12.8689	1.56E+04
12.8700	8.53E+03
12.8743	2.12E+03
12.8749	2.18E+03
12.8836	1.25E+03
12.8944	3.16E+03
12.8983	2.45E+03
12.9042	2.39E+03
12.9055	9.57E+04
12.9190	2.37E+03
12.9196	2.89E+03
12.9219	4.44E+03
12.9240	1.55E+04
12.9240	3.27E+04
12.9240	2.64E+04
12.9255	3.02E+03
12.9270	1.91E+04
12.9284	2.70E+03
12.9299	1.85E+03
12.9382	2.43E+03
12.9470	6.21E+03
12.9471	5.52E+03
12.9476	2.90E+03
12.9489	5.01E+03
12.9502	7.26E+04
12.9510	1.15E+05
12.9526	3.52E+03
12.9573	1.23E+03
12.9623	7.11E+03
12.9623	2.01E+03
12.9648	1.27E+03
12.9660	3.15E+04
12.9660	1.11E+04
12.9660	8.29E+03
12.9715	3.26E+03
12.9718	1.19E+03
12.9719	6.15E+03
12.9785	2.12E+04
12.9820	3.47E+04
12.9860	2.61E+04
12.9907	3.12E+03
12.9936	1.61E+03
12.9988	3.99E+03
13.0008	8.40E+03
13.0019	2.64E+03
13.0030	1.50E+03
13.0085	4.61E+03
13.0164	1.55E+03
13.0167	3.22E+03
13.0180	4.47E+04
13.0200	6.65E+03
13.0285	1.18E+03
13.0294	1.18E+03
13.0320	4.16E+03
13.0324	2.41E+03
13.0338	2.76E+03
13.0354	1.37E+03
13.0375	1.97E+03
13.0455	1.16E+04
13.0496	1.29E+03
13.0516	3.41E+04
13.0520	1.13E+05
13.0533	3.03E+03
13.0540	4.88E+03
13.0548	3.26E+03
13.0568	1.58E+03
13.0655	6.67E+03
13.0704	2.42E+04
13.0750	1.16E+04
13.0815	3.47E+03
13.0863	3.97E+03
13.0910	2.97E+04
13.0910	5.80E+03
13.0910	8.34E+03
13.0910	6.17E+03
13.0910	1.61E+04
13.0934	5.26E+03
13.0943	2.07E+03
13.1003	2.06E+04
13.1065	3.36E+03
13.1147	1.74E+04
13.1227	3.05E+03
13.1235	1.60E+04
13.1286	1.42E+03
13.1315	1.31E+03
13.1350	5.23E+03
13.1385	1.19E+03
13.1405	5.66E+04
13.1427	5.16E+04
13.1459	5.96E+03
13.1484	4.46E+03
13.1499	1.26E+03
13.1555	1.58E+03
13.1566	8.36E+03
13.1588	3.90E+03
13.1610	7.02E+03
13.1629	5.30E+03
13.1634	1.68E+03
13.1690	3.54E+03
13.1733	1.46E+04
13.1773	2.64E+03
13.1787	1.87E+04
13.1798	3.36E+03
13.1836	2.30E+03
13.1877	7.03E+03
13.1908	1.59E+04
13.1930	1.10E+03
13.1946	1.29E+03
13.2033	6.83E+03
13.2056	1.05E+04
13.2118	3.27E+03
13.2170	3.81E+04
13.2219	1.61E+03
13.2240	2.80E+03
13.2360	8.97E+04
13.2439	1.07E+04
13.2533	1.44E+03
13.2540	2.25E+04
13.2540	1.70E+04
13.2547	5.86E+04
13.2560	2.26E+04
13.2670	2.48E+04
13.2670	3.04E+04
13.2684	1.18E+03
13.2690	9.59E+03
13.2704	1.14E+03
13.2756	9.01E+03
13.2782	2.75E+03
13.2816	2.84E+03
13.2869	4.13E+03
13.2876	3.85E+03
13.2887	1.91E+03
13.2917	8.59E+03
13.2925	2.40E+04
13.3090	3.13E+04
13.3110	1.46E+04
13.3190	1.24E+04
13.3190	2.58E+04
13.3200	1.28E+03
13.3268	1.09E+04
13.3290	2.47E+03
13.3324	2.30E+03
13.3329	2.77E+04
13.3347	1.37E+03
13.3531	2.66E+03
13.3551	2.05E+04
13.3591	4.56E+03
13.3610	9.99E+03
13.3632	3.83E+03
13.3654	1.07E+03
13.3657	2.10E+03
13.3688	7.15E+03
13.3722	2.65E+03
13.3740	3.33E+03
13.3773	1.27E+03
13.3789	6.68E+03
13.3793	3.58E+03
13.3822	2.81E+03
13.3823	1.27E+03
13.3840	6.46E+03
13.3895	1.97E+03
13.3936	2.34E+04
13.3946	1.32E+03
13.3954	1.37E+04
13.3968	1.50E+03
13.3969	3.49E+04
13.3973	5.96E+03
13.4002	3.73E+03
13.4050	8.15E+04
13.4054	2.27E+03
13.4174	2.91E+04
13.4189	6.64E+03
13.4241	2.12E+04
13.4244	4.32E+03
13.4297	6.38E+04
13.4349	9.74E+03
13.4455	1.85E+03
13.4458	1.20E+03
13.4471	1.03E+05
13.4519	7.27E+03
13.4544	1.91E+03
13.4558	1.42E+05
13.4620	6.07E+04
13.4640	1.96E+04
13.4642	7.27E+03
13.4674	2.15E+03
13.4711	3.61E+03
13.4753	5.81E+03
13.4820	4.39E+03
13.4830	4.66E+03
13.4835	1.24E+03
13.4851	3.33E+03
13.4902	1.33E+03
13.4911	2.33E+03
13.4952	1.66E+04
13.4970	1.44E+03
13.5050	2.06E+04
13.5064	2.40E+05
13.5069	2.32E+03
13.5070	1.98E+05
13.5166	3.55E+04
13.5180	5.47E+03
13.5249	5.18E+05
13.5252	1.64E+04
13.5256	2.98E+03
13.5265	1.92E+03
13.5292	7.99E+03
13.5330	1.64E+04
13.5334	6.84E+03
13.5404	1.26E+03
13.5406	2.31E+03
13.5426	1.77E+03
13.5451	1.56E+04
13.5528	1.26E+03
13.5529	1.14E+04
13.5533	1.93E+03
13.5540	1.77E+04
13.5547	4.10E+03
13.5549	3.14E+04
13.5574	1.29E+03
13.5740	3.29E+04
13.5756	1.25E+03
13.5758	2.27E+03
13.5776	2.46E+03
13.5778	9.60E+03
13.5814	7.59E+03
13.5838	3.42E+03
13.6083	2.24E+03
13.6175	1.74E+03
13.6197	2.86E+03
13.6210	7.30E+03
13.6338	2.98E+03
13.6357	2.43E+04
13.6372	5.82E+03
13.6455	2.55E+03
13.6470	1.68E+03
13.6480	7.83E+04
13.6589	3.84E+03
13.6716	3.02E+04
13.6720	1.77E+04
13.6734	2.55E+04
13.6739	1.66E+04
13.6839	2.10E+03
13.6847	1.09E+04
13.6937	9.49E+03
13.6988	3.86E+04
13.7023	1.55E+03
13.7052	5.54E+03
13.7107	2.25E+03
13.7145	2.45E+03
13.7172	1.43E+03
13.7183	1.25E+03
13.7204	2.23E+03
13.7210	1.15E+04
13.7212	6.54E+04
13.7285	3.28E+03
13.7341	1.31E+03
13.7374	2.22E+03
13.7377	1.11E+03
13.7413	8.13E+04
13.7482	1.45E+03
13.7620	1.96E+04
13.7634	2.50E+03
13.7686	4.02E+04
13.7749	2.95E+03
13.7791	6.14E+04
13.7806	5.78E+04
13.7830	2.70E+04
13.7916	1.58E+03
13.7990	2.11E+05
13.8135	3.24E+04
13.8166	5.52E+03
13.8221	1.84E+03
13.8224	1.34E+03
13.8250	2.28E+03
13.8255	1.94E+03
13.8307	1.85E+03
13.8410	1.05E+04
13.8427	8.14E+03
13.8437	4.11E+04
13.8440	3.68E+04
13.8528	4.26E+03
13.8557	2.91E+03
13.8581	1.33E+03
13.8715	1.34E+04
13.8724	2.22E+03
13.8941	1.84E+03
13.8946	3.74E+03
13.8961	5.49E+03
13.9246	4.88E+03
13.9316	2.39E+03
13.9362	2.28E+04
13.9380	3.20E+04
13.9380	1.42E+04
13.9380	1.21E+04
13.9380	4.66E+04
13.9416	7.75E+03
13.9571	1.14E+04
13.9620	3.65E+04
13.9620	7.08E+03
13.9638	1.00E+04
13.9700	2.20E+03
13.9724	4.17E+04
14.0080	1.50E+05
14.0097	3.09E+03
14.0131	1.22E+04
14.0170	8.17E+03
14.0173	2.71E+04
14.0208	1.20E+04
14.0421	2.88E+04
14.0427	2.20E+04
14.0430	7.87E+04
14.0485	8.57E+03
14.0538	6.84E+03
14.0587	2.20E+03
14.0603	1.21E+03
14.0607	2.32E+04
14.0714	1.88E+03
14.0766	4.48E+04
14.0810	5.56E+03
14.0858	2.51E+03
14.0860	1.97E+03
14.0877	1.30E+04
14.0970	3.72E+03
14.1011	1.33E+03
14.1049	2.31E+04
14.1140	2.48E+03
14.1140	3.20E+03
14.1148	3.71E+03
14.1207	4.25E+03
14.1234	1.45E+04
14.1241	6.19E+03
14.1254	4.43E+03
14.1282	2.07E+03
14.1336	6.58E+03
14.1361	8.12E+03
14.1376	1.76E+04
14.1410	3.95E+03
14.1443	2.04E+04
14.1453	1.45E+03
14.1476	2.77E+03
14.1525	1.02E+04
14.1639	3.42E+03
14.1661	1.01E+04
14.1720	1.04E+04
14.1725	1.14E+03
14.1737	4.28E+03
14.1741	9.85E+03
14.1749	2.24E+03
14.1751	1.82E+03
14.1802	5.60E+03
14.1860	2.43E+03
14.1884	2.63E+03
14.1900	3.06E+03
14.2022	9.66E+03
14.2040	5.77E+05
14.2088	3.25E+05
14.2160	1.15E+04
14.2224	3.81E+03
14.2332	1.30E+03
14.2483	6.15E+03
14.2522	2.28E+03
14.2580	4.83E+04
14.2580	1.30E+05
14.2612	1.62E+03
14.2634	9.54E+04
14.2659	3.52E+03
14.2740	3.61E+03
14.3045	1.30E+04
14.3058	1.90E+03
14.3125	3.95E+04
14.3228	1.29E+03
14.3259	9.35E+03
14.3296	2.47E+03
14.3441	3.99E+04
14.3525	6.60E+04
14.3541	1.39E+04
14.3730	2.25E+05
14.3898	1.01E+04
14.3947	4.55E+03
14.3971	2.51E+03
14.3978	1.92E+03
14.4016	3.31E+03
14.4030	3.82E+04
14.4190	4.14E+04
14.4190	4.87E+04
14.4212	8.09E+03
14.4325	1.24E+04
14.4345	2.40E+03
14.4442	4.25E+03
14.4485	2.58E+04
14.4522	3.50E+03
14.4530	2.08E+04
14.4530	2.65E+04
14.4622	6.85E+03
14.4637	1.12E+03
14.4668	4.91E+03
14.4697	2.15E+04
14.4700	2.45E+04
14.4745	5.89E+03
14.4801	7.73E+03
14.4871	1.48E+04
14.4871	2.78E+04
14.4873	1.69E+03
14.4945	6.51E+03
14.4989	1.12E+04
14.5165	2.49E+03
14.5207	5.65E+03
14.5290	1.19E+04
14.5321	3.15E+03
14.5370	1.76E+05
14.5476	2.03E+03
14.5510	8.47E+04
14.5705	4.51E+03
14.5754	4.24E+03
14.5793	4.26E+03
14.5796	1.22E+03
14.5798	7.32E+03
14.5800	3.94E+04
14.5836	1.07E+03
14.6083	3.88E+03
14.6105	1.75E+04
14.6219	1.89E+03
14.6395	2.24E+03
14.6591	2.00E+03
14.6632	4.95E+03
14.6640	1.50E+03
14.6640	6.44E+03
14.6669	7.79E+03
14.6690	1.45E+05
14.6705	1.53E+04
14.6710	1.62E+03
14.6945	1.60E+03
14.6975	3.07E+03
14.7021	1.91E+03
14.7037	1.87E+03
14.7056	2.40E+03
14.7058	1.97E+04
14.7325	2.13E+03
14.7354	1.34E+03
14.7381	5.76E+04
14.7410	4.47E+03
14.7441	3.56E+03
14.7599	2.52E+03
14.7638	5.43E+04
14.7715	1.05E+04
14.7718	2.69E+04
14.7974	1.37E+03
14.8060	2.00E+04
14.8068	2.35E+03
14.8128	1.45E+04
14.8156	4.14E+03
14.8205	2.67E+04
14.8207	1.33E+04
14.8241	9.82E+03
14.8261	1.94E+03
14.8304	2.07E+04
14.8504	3.58E+03
14.8571	1.72E+03
14.8605	2.68E+03
14.8676	9.10E+03
14.8680	5.80E+03
14.8680	4.44E+03
14.8718	6.76E+03
14.8725	4.46E+03
14.8897	2.38E+04
14.9005	3.11E+03
14.9080	2.47E+03
14.9100	4.98E+03
14.9133	4.29E+04
14.9314	3.77E+03
14.9320	2.04E+04
14.9320	2.66E+04
14.9350	1.55E+04
14.9550	1.29E+03
14.9622	2.87E+04
14.9670	5.82E+03
14.9687	1.75E+04
14.9800	4.27E+03
14.9920	7.46E+04
14.9920	3.10E+04
15.0010	1.31E+03
15.0011	3.52E+03
15.0130	2.94E+04
15.0273	1.41E+03
15.0416	1.34E+04
15.0442	2.55E+03
15.0600	2.93E+04
15.0626	1.46E+04
15.0675	1.99E+03
15.0810	2.02E+05
15.0982	1.68E+03
15.1106	3.22E+03
15.1112	2.26E+03
15.1136	2.86E+03
15.1143	5.86E+03
15.1152	1.67E+03
15.1176	7.60E+03
15.1447	2.67E+03
15.1566	7.19E+03
15.1631	1.57E+04
15.1639	1.63E+03
15.1744	3.72E+03
15.1756	1.79E+03
15.1760	5.81E+04
15.1765	2.90E+04
15.1800	1.06E+04
15.1928	9.85E+03
15.1958	1.79E+04
15.2056	1.29E+03
15.2080	1.15E+05
15.2157	3.37E+03
15.2241	1.42E+03
15.2285	5.09E+03
15.2361	1.53E+03
15.2388	2.89E+03
15.2546	1.12E+04
15.2599	4.50E+03
15.2620	1.31E+04
15.2651	2.75E+03
15.2665	6.38E+03
15.2872	6.58E+03
15.3112	7.51E+03
15.3356	1.22E+03
15.3410	3.41E+03
15.3431	2.75E+04
15.3473	3.07E+03
15.3524	3.15E+04
15.3681	2.19E+03
15.3900	3.96E+03
15.3911	1.74E+03
15.3967	3.67E+04
15.3981	4.04E+03
15.4013	1.17E+03
15.4050	8.82E+03
15.4402	3.17E+03
15.4498	2.22E+04
15.4530	6.51E+03
15.4604	7.26E+03
15.4612	2.22E+03
15.4737	5.21E+03
15.4756	1.31E+03
15.4905	2.84E+03
15.5079	1.05E+04
15.5150	2.56E+04
15.5832	1.13E+03
15.6221	2.41E+05
15.6259	1.60E+03
15.6438	1.58E+03
15.6459	1.29E+03
15.6578	1.74E+03
15.7176	1.35E+03
15.7664	3.38E+04
15.8149	4.68E+03
15.8281	1.55E+05
15.8383	1.16E+03
15.8437	1.16E+04
15.8700	6.37E+04
15.8700	8.65E+04
15.9195	7.60E+03
15.9769	1.95E+03
15.9882	1.29E+03
16.0038	2.04E+03
16.0050	2.87E+05
16.0055	1.66E+05
16.0067	8.29E+04
16.0219	2.75E+03
16.0256	3.86E+04
16.0258	1.22E+03
16.0270	1.15E+04
16.0379	1.48E+03
16.0395	1.13E+03
16.0506	1.43E+03
16.0510	2.13E+03
16.0720	4.67E+05
16.0786	1.75E+03
16.0893	1.33E+04
16.1100	1.89E+05
16.1229	1.08E+03
16.1327	1.79E+03
16.1658	1.09E+05
16.1720	5.63E+03
16.1833	1.45E+03
16.1990	4.66E+03
16.2084	2.28E+03
16.2379	2.88E+03
16.2721	5.80E+04
16.2722	7.53E+03
16.2730	7.36E+03
16.3058	3.57E+04
16.3357	4.96E+03
16.3400	2.70E+04
16.3426	1.58E+03
16.3494	2.07E+03
16.3798	5.79E+03
16.3884	9.59E+03
16.3900	4.98E+03
16.3995	1.32E+03
16.4398	1.94E+03
16.5008	4.86E+03
16.5567	3.20E+03
16.6714	1.71E+03
16.7136	8.92E+03
16.7757	4.83E+04
16.7782	2.18E+03
16.7881	2.08E+03
16.8009	3.08E+04
16.8265	1.21E+04
16.8698	6.52E+03
17.0171	1.08E+04
17.0369	8.14E+03
17.0481	2.50E+03
17.0510	9.78E+04
17.0960	1.85E+05
17.3528	2.55E+03
17.3559	1.10E+04
17.3960	1.38E+03
17.4547	3.74E+03
17.5235	1.68E+03
17.5488	6.05E+03
17.6218	2.28E+05
17.6950	4.48E+03
17.7370	1.70E+03
17.7680	3.10E+03
17.8034	1.04E+04
17.9277	1.27E+03
18.0358	5.77E+03
18.1070	1.98E+04
18.1709	1.10E+03
18.2205	6.47E+03
18.4222	7.37E+03
18.5259	1.83E+04
18.6270	9.52E+03
18.6309	1.61E+03
18.6909	2.21E+04
18.7319	1.16E+04
18.9671	9.53E+05
18.9726	4.76E+05
19.3612	1.68E+03
19.4390	1.41E+03
19.5580	5.61E+03
19.5580	6.19E+03
19.6420	1.51E+04
19.7892	2.70E+04
19.8009	2.98E+03
19.8257	3.62E+03
19.8261	1.81E+03
20.0532	6.73E+03
20.2189	1.39E+04
20.4340	1.26E+03
20.6174	1.13E+03
20.6351	1.12E+03
20.6736	2.62E+03
20.6778	1.46E+03
20.9095	1.05E+04
20.9106	5.29E+03
21.1560	1.53E+04
21.3617	1.50E+03
21.3813	3.01E+03
21.4501	7.87E+03
21.6020	6.05E+04
21.6198	1.54E+03
21.6603	1.20E+03
21.8071	6.30E+03
21.8231	1.37E+03
21.9868	2.47E+03
22.1012	2.31E+04
22.1372	1.70E+03
22.1467	8.81E+03
22.1630	1.26E+03
22.1638	3.16E+03
22.1811	2.32E+03
22.2166	4.54E+03
22.6861	1.09E+03
22.7299	5.97E+03
22.8210	1.44E+03
23.0052	7.69E+03
23.0151	4.01E+03
23.0924	1.68E+03
23.5356	1.28E+03
23.5461	9.91E+03
23.5775	2.43E+03
23.5905	5.15E+03
23.7690	2.05E+03
24.0860	1.78E+03
24.1331	2.34E+03
24.2002	3.97E+03
24.2184	3.70E+03
24.2850	7.12E+03
24.4181	1.61E+03
24.5082	3.26E+03
24.5778	2.51E+03
24.5900	1.17E+03
24.7400	1.94E+03
24.7793	6.27E+04
24.7847	3.13E+04
24.8545	6.63E+03
24.9910	1.18E+04
25.0135	1.31E+03
25.0564	3.46E+03
25.5165	2.98E+03
25.6594	1.41E+03
25.6841	6.06E+03
25.7668	1.66E+03
25.9152	1.22E+03
26.3573	2.94E+03
26.3575	1.47E+03
26.6734	1.98E+03
26.9792	1.16E+03
26.9897	6.24E+03
26.9901	3.12E+03
27.0432	3.82E+03
27.3412	1.81E+03
27.4640	1.39E+03
27.5304	2.62E+03
27.5598	1.38E+03
27.8968	2.19E+03
27.9007	1.11E+03
28.3464	2.21E+03
28.4652	1.76E+04
28.4664	8.82E+03
28.7871	2.22E+03
29.0480	1.09E+03
29.5439	2.07E+03
30.4271	4.39E+04
30.4480	1.20E+03
30.4691	2.26E+04
30.7400	6.10E+03
30.8738	3.18E+03
31.0121	6.31E+03
31.0227	3.27E+03
31.0330	1.19E+03
31.4008	3.63E+03
31.5931	1.61E+03
31.6396	3.31E+03
31.9470	1.96E+03
31.9683	5.99E+03
32.1203	2.42E+03
32.1911	1.39E+03
32.2391	5.26E+03
32.3771	7.23E+03
32.4161	2.85E+04
32.4381	2.76E+03
32.4781	1.03E+04
32.5601	5.09E+04
32.5751	5.64E+03
32.5871	3.11E+03
32.8526	5.85E+03
32.8879	3.21E+03
32.9733	5.77E+03
33.0914	1.88E+03
33.2222	1.30E+03
33.3023	1.28E+03
33.3081	2.28E+03
33.3127	2.63E+03
33.3470	1.68E+03
33.3547	1.13E+03
33.3809	1.27E+04
33.4393	4.92E+03
33.4445	2.29E+03
33.5052	3.31E+03
33.5496	2.58E+04
33.7066	2.35E+03
33.7342	1.09E+05
33.7396	5.98E+04
33.8655	5.55E+03
34.4266	2.85E+03
34.4570	1.73E+03
34.5310	2.09E+03
34.8033	5.25E+03
35.1173	5.55E+03
35.2503	1.04E+04
35.3050	1.11E+03
35.5372	1.10E+03
35.6308	1.38E+03
35.6813	9.78E+03
35.7197	2.64E+03
36.3981	2.24E+03
36.4333	5.40E+03
36.4615	2.18E+03
36.7011	8.39E+03
36.7490	2.65E+03
36.8030	1.42E+03
36.8529	2.48E+03
37.1525	1.28E+03
37.2715	3.46E+03
37.2968	1.09E+03
37.3821	1.29E+03
37.7194	4.96E+03
37.9005	4.29E+03
37.9856	1.51E+03
38.0891	1.25E+03
38.6393	1.41E+03
39.4147	3.31E+03
39.8270	2.38E+03
40.1530	4.24E+03
40.2679	1.95E+03
40.3829	9.28E+03
40.3887	1.26E+03
40.5291	1.07E+03
40.5711	1.50E+03
40.7660	1.40E+03
40.8151	3.47E+03
40.8840	5.44E+03
40.9111	3.53E+04
40.9511	1.81E+04
41.0160	1.62E+03
41.4115	2.05E+03
41.9320	2.65E+03
42.3040	5.43E+03
42.7669	1.32E+03
42.9185	1.49E+03
43.0797	1.94E+03
43.2556	6.39E+03
43.2760	1.70E+03
43.2948	6.33E+03
43.3372	1.74E+03
43.3621	2.28E+03
43.3656	1.76E+03
43.4415	2.41E+03
43.4466	2.51E+03
43.4652	1.46E+03
43.4967	1.18E+03
43.7501	2.44E+03
43.7794	3.12E+03
43.7879	1.53E+03
43.8130	1.27E+03
44.0194	2.23E+04
44.0500	1.34E+03
44.1650	4.01E+04
44.1784	4.44E+03
44.3650	2.24E+03
45.3972	1.80E+03
45.4356	1.34E+03
45.5207	9.98E+03
45.5331	1.64E+03
45.5936	2.65E+03
45.6907	2.02E+04
45.9076	1.48E+03
45.9103	1.14E+03
46.2770	1.22E+03
46.3978	1.65E+03
46.4508	2.09E+03
46.4530	1.14E+03
46.4720	1.24E+03
46.6165	1.11E+03
46.6610	2.24E+03
46.7180	3.20E+03
46.8568	1.11E+03
47.0164	1.87E+03
47.0776	1.10E+03
47.3103	1.23E+03
48.2971	1.19E+03
49.1811	3.59E+03